
Initial FFT Block Distribution Based on Workload Estimate:

  FFT blocks assigned to   16 tasks

First FFT Block Distribution Based on Actual Workload:

  FFT blocks assigned to   76 tasks

Image Distribution at run step     338:

  Count of images assigned to each task:
          422      322      361      394      329      288      231      291
          209      312      553      315      277      224      304      317
          321      353      365      320      329      487      320      347
          422      327      310      306      296      300      313      588
          317      314      313      298      304      322      358      358
          311      335      603      497      512      652      503      409
          309      310      310      440      549      301      286      313
          298      332      379      309      302      305      211      488
          316      406      307      291      284      309      295      313
          324      569      307      294      300      311      319      336
          351      335      307      230

Major Routine Parallel Profiling - NonSetup CPU Seconds:

           D                                                              
           a                                                              
           t                                                              
           a                              D                               
           D         N                    i                               
           i         o                    h                               
           s         n             A      e      S      R      O         T
   T       t         B      B      n      d      h      u      t         o
   a       r         o      o      g      r      a      n      h         t
   s       i         n      n      l      a      k      M      e         a
   k       b         d      d      e      l      e      D      r         l
------------------------------------------------------------------------------
   0     2.4       5.2    0.0    0.1    0.4    0.0    0.9    0.0       8.9
   1     3.1       5.4    0.0    0.0    0.0    0.0    0.4    0.0       8.9
   2     3.1       5.4    0.0    0.0    0.0    0.0    0.4    0.0       8.9
   3     3.1       5.4    0.0    0.0    0.0    0.0    0.4    0.0       8.9
   4     3.2       5.3    0.0    0.0    0.0    0.0    0.4    0.0       8.9
   5     3.2       5.4    0.0    0.0    0.0    0.0    0.4    0.0       9.0
   6     3.2       4.8    0.0    0.1    0.4    0.0    0.4    0.0       8.9
   7     3.1       5.3    0.0    0.0    0.0    0.0    0.4    0.0       8.9
   8     3.2       4.7    0.0    0.1    0.4    0.0    0.4    0.0       8.9
   9     3.1       5.4    0.0    0.0    0.0    0.0    0.4    0.0       8.9
  10     2.6       5.8    0.0    0.0    0.0    0.0    0.4    0.0       9.0
  11     3.2       5.3    0.0    0.0    0.0    0.0    0.4    0.0       8.9
  12     3.1       5.1    0.0    0.1    0.2    0.0    0.4    0.0       8.9
  13     3.3       4.7    0.0    0.1    0.4    0.0    0.4    0.0       8.9
  14     3.2       5.3    0.0    0.0    0.0    0.0    0.4    0.0       8.9
  15     3.1       5.5    0.0    0.0    0.0    0.0    0.4    0.0       9.0
  16     3.2       5.3    0.0    0.0    0.0    0.0    0.4    0.0       8.9
  17     3.2       5.3    0.0    0.0    0.0    0.0    0.4    0.0       8.9
  18     3.1       5.3    0.0    0.0    0.0    0.0    0.4    0.0       8.9
  19     3.3       5.3    0.0    0.0    0.0    0.0    0.4    0.0       8.9
  20     3.0       5.6    0.0    0.0    0.0    0.0    0.4    0.0       9.0
  21     2.9       5.5    0.0    0.0    0.0    0.0    0.5    0.0       8.9
  22     3.1       5.4    0.0    0.0    0.0    0.0    0.4    0.0       8.9
  23     3.1       5.4    0.0    0.0    0.0    0.0    0.4    0.0       8.9
  24     3.0       5.5    0.0    0.0    0.0    0.0    0.4    0.0       8.9
  25     3.2       5.3    0.0    0.0    0.0    0.0    0.4    0.0       8.9
  26     3.1       5.5    0.0    0.0    0.0    0.0    0.4    0.0       9.0
  27     3.3       5.2    0.0    0.0    0.0    0.0    0.4    0.0       9.0
  28     3.3       5.3    0.0    0.0    0.0    0.0    0.4    0.0       9.0
  29     3.2       5.2    0.0    0.0    0.0    0.0    0.4    0.0       8.9
  30     3.2       5.3    0.0    0.0    0.0    0.0    0.4    0.0       8.9
  31     2.8       5.8    0.0    0.0    0.0    0.0    0.5    0.0       9.0
  32     3.3       5.2    0.0    0.0    0.0    0.0    0.4    0.0       8.9
  33     3.2       5.3    0.0    0.0    0.0    0.0    0.4    0.0       8.9
  34     3.2       5.3    0.0    0.0    0.0    0.0    0.4    0.0       8.9
  35     3.2       5.3    0.0    0.0    0.0    0.0    0.4    0.0       8.9
  36     3.1       5.5    0.0    0.0    0.0    0.0    0.4    0.0       9.0
  37     3.2       5.3    0.0    0.0    0.0    0.0    0.4    0.0       8.9
  38     3.2       5.3    0.0    0.0    0.0    0.0    0.4    0.0       8.9
  39     3.2       5.3    0.0    0.0    0.0    0.0    0.4    0.0       8.9
  40     3.3       5.3    0.0    0.0    0.0    0.0    0.4    0.0       8.9
  41     3.0       5.5    0.0    0.0    0.0    0.0    0.4    0.0       9.0
  42     2.8       5.6    0.0    0.0    0.0    0.0    0.5    0.0       8.9
  43     3.1       5.4    0.0    0.0    0.0    0.0    0.4    0.0       8.9
  44     3.0       5.5    0.0    0.0    0.0    0.0    0.4    0.0       8.9
  45     2.9       5.6    0.0    0.0    0.0    0.0    0.4    0.0       8.9
  46     3.2       5.3    0.0    0.0    0.0    0.0    0.4    0.0       8.9
  47     3.2       5.4    0.0    0.0    0.0    0.0    0.4    0.0       9.0
  48     3.3       5.2    0.0    0.0    0.0    0.0    0.4    0.0       8.9
  49     3.2       5.2    0.0    0.0    0.0    0.0    0.4    0.0       8.9
  50     3.2       5.3    0.0    0.0    0.0    0.0    0.4    0.0       8.9
  51     3.1       5.4    0.0    0.0    0.0    0.0    0.4    0.0       8.9
  52     2.9       5.6    0.0    0.0    0.0    0.0    0.5    0.0       9.0
  53     3.3       5.2    0.0    0.0    0.0    0.0    0.4    0.0       8.9
  54     3.4       5.2    0.0    0.0    0.0    0.0    0.4    0.0       9.0
  55     3.3       5.2    0.0    0.0    0.0    0.0    0.4    0.0       9.0
  56     3.3       5.3    0.0    0.0    0.0    0.0    0.4    0.0       9.0
  57     3.1       5.6    0.0    0.0    0.0    0.0    0.4    0.0       9.1
  58     3.2       5.4    0.0    0.0    0.0    0.0    0.4    0.0       8.9
  59     3.3       5.2    0.0    0.0    0.0    0.0    0.4    0.0       8.9
  60     3.2       5.3    0.0    0.0    0.0    0.0    0.4    0.0       8.9
  61     3.2       5.3    0.0    0.0    0.0    0.0    0.4    0.0       8.9
  62     3.2       4.9    0.0    0.1    0.4    0.0    0.4    0.0       9.0
  63     2.9       5.6    0.0    0.0    0.0    0.0    0.5    0.0       8.9
  64     3.2       5.3    0.0    0.0    0.0    0.0    0.4    0.0       8.9
  65     3.1       5.4    0.0    0.0    0.0    0.0    0.4    0.0       8.9
  66     3.2       5.3    0.0    0.0    0.0    0.0    0.4    0.0       8.9
  67     3.2       5.3    0.0    0.0    0.0    0.0    0.4    0.0       8.9
  68     3.1       5.5    0.0    0.0    0.0    0.0    0.4    0.0       9.0
  69     3.2       5.3    0.0    0.0    0.0    0.0    0.4    0.0       8.9
  70     3.2       5.3    0.0    0.0    0.0    0.0    0.4    0.0       8.9
  71     3.2       5.3    0.0    0.0    0.0    0.0    0.4    0.0       8.9
  72     3.2       5.3    0.0    0.0    0.0    0.0    0.4    0.0       8.9
  73     2.7       5.8    0.0    0.0    0.0    0.0    0.5    0.0       9.0
  74     3.2       5.3    0.0    0.0    0.0    0.0    0.4    0.0       8.9
  75     3.1       5.4    0.0    0.0    0.0    0.0    0.4    0.0       8.9
  76     3.2       5.3    0.0    0.0    0.0    0.0    0.4    0.0       8.9
  77     3.2       5.3    0.0    0.0    0.0    0.0    0.4    0.0       8.9
  78     3.1       5.5    0.0    0.0    0.0    0.0    0.4    0.0       9.0
  79     3.2       5.3    0.0    0.0    0.0    0.0    0.4    0.0       8.9
  80     3.2       5.3    0.0    0.0    0.0    0.0    0.4    0.0       8.9
  81     3.2       5.3    0.0    0.0    0.0    0.0    0.4    0.0       8.9
  82     3.2       5.3    0.0    0.0    0.0    0.0    0.4    0.0       8.9
  83     3.1       5.0    0.0    0.1    0.3    0.0    0.4    0.0       9.0
------------------------------------------------------------------------------
 avg     3.1       5.3    0.0    0.0    0.0    0.0    0.4    0.0       8.9
 min     2.4       4.7    0.0    0.0    0.0    0.0    0.4    0.0       8.9
 max     3.4       5.8    0.0    0.1    0.4    0.0    0.9    0.0       9.1
 std     0.2       0.2    0.0    0.0    0.1    0.0    0.1    0.0       0.0
------------------------------------------------------------------------------

PME NonBond Parallel Profiling - NonSetup CPU Seconds:

                     D                           
           P         i         R                 
           a         r         e      L          
           i         e         c      o          
           r         c         i      a         T
   T       l         t         p      d         o
   a       i         F         F      B         t
   s       s         r         r      a         a
   k       t         c         c      l         l
-------------------------------------------------
   0     0.7       4.5       0.0    0.0       5.2
   1     0.6       3.3       1.5    0.0       5.4
   2     0.6       3.3       1.5    0.0       5.4
   3     0.6       3.3       1.5    0.0       5.4
   4     0.6       3.2       1.5    0.0       5.3
   5     0.6       3.2       1.7    0.0       5.5
   6     0.5       2.7       1.5    0.0       4.8
   7     0.6       3.3       1.4    0.0       5.3
   8     0.5       2.7       1.6    0.0       4.7
   9     0.6       3.2       1.6    0.0       5.4
  10     0.8       4.8       0.2    0.0       5.8
  11     0.6       3.2       1.5    0.0       5.3
  12     0.5       3.0       1.6    0.0       5.1
  13     0.5       2.6       1.7    0.0       4.7
  14     0.6       3.3       1.4    0.0       5.3
  15     0.6       3.2       1.7    0.0       5.5
  16     0.6       3.3       1.4    0.0       5.3
  17     0.6       3.3       1.4    0.0       5.3
  18     0.6       3.3       1.3    0.0       5.3
  19     0.6       3.3       1.4    0.0       5.3
  20     0.6       3.3       1.6    0.0       5.5
  21     0.8       4.7       0.0    0.0       5.5
  22     0.6       3.3       1.5    0.0       5.4
  23     0.6       3.3       1.5    0.0       5.4
  24     0.6       3.4       1.4    0.0       5.4
  25     0.6       3.2       1.4    0.0       5.3
  26     0.6       3.2       1.7    0.0       5.5
  27     0.6       3.2       1.5    0.0       5.2
  28     0.5       3.2       1.5    0.0       5.3
  29     0.6       3.2       1.5    0.0       5.2
  30     0.6       3.2       1.6    0.0       5.3
  31     0.8       4.7       0.3    0.0       5.8
  32     0.6       3.2       1.5    0.0       5.2
  33     0.6       3.3       1.4    0.0       5.3
  34     0.6       3.2       1.5    0.0       5.3
  35     0.6       3.1       1.6    0.0       5.3
  36     0.6       3.1       1.8    0.0       5.5
  37     0.6       3.1       1.6    0.0       5.3
  38     0.6       3.2       1.5    0.0       5.3
  39     0.6       3.2       1.5    0.0       5.3
  40     0.6       3.2       1.4    0.0       5.3
  41     0.6       3.3       1.7    0.0       5.5
  42     0.8       4.8       0.0    0.0       5.6
  43     0.6       3.3       1.4    0.0       5.4
  44     0.6       3.3       1.6    0.0       5.5
  45     0.6       3.3       1.7    0.0       5.6
  46     0.6       3.2       1.6    0.0       5.3
  47     0.6       2.9       1.9    0.0       5.4
  48     0.5       3.0       1.7    0.0       5.2
  49     0.5       3.0       1.7    0.0       5.2
  50     0.5       3.1       1.6    0.0       5.3
  51     0.5       3.2       1.6    0.0       5.4
  52     0.7       4.6       0.3    0.0       5.6
  53     0.5       3.0       1.7    0.0       5.2
  54     0.5       3.1       1.6    0.0       5.2
  55     0.5       3.2       1.5    0.0       5.2
  56     0.6       3.3       1.4    0.0       5.2
  57     0.6       3.2       1.8    0.0       5.6
  58     0.6       3.2       1.5    0.0       5.3
  59     0.6       3.1       1.5    0.0       5.2
  60     0.6       3.2       1.5    0.0       5.3
  61     0.6       3.2       1.5    0.0       5.3
  62     0.5       2.6       1.9    0.0       4.9
  63     0.8       4.7       0.0    0.0       5.5
  64     0.6       3.2       1.6    0.0       5.4
  65     0.6       3.2       1.6    0.0       5.4
  66     0.6       3.0       1.6    0.0       5.3
  67     0.6       3.2       1.5    0.0       5.3
  68     0.6       3.2       1.7    0.0       5.4
  69     0.6       3.2       1.5    0.0       5.3
  70     0.6       3.2       1.5    0.0       5.3
  71     0.6       3.2       1.6    0.0       5.3
  72     0.6       3.2       1.6    0.0       5.3
  73     0.8       4.8       0.2    0.0       5.8
  74     0.6       3.2       1.5    0.0       5.3
  75     0.6       3.2       1.6    0.0       5.3
  76     0.6       3.2       1.5    0.0       5.3
  77     0.6       3.2       1.5    0.0       5.3
  78     0.6       3.3       1.6    0.0       5.5
  79     0.6       3.2       1.5    0.0       5.3
  80     0.6       3.2       1.5    0.0       5.3
  81     0.6       3.1       1.6    0.0       5.3
  82     0.6       3.2       1.5    0.0       5.3
  83     0.4       2.5       2.1    0.0       5.0
-------------------------------------------------
 avg     0.6       3.3       1.4    0.0       5.3
-------------------------------------------------
